9 0.24879807692307693 0.17307692307692307 0.31009615384615385 0.1346153846153846
9 0.15504807692307693 0.28966346153846156 0.2764423076923077 0.11538461538461539
9 0.36177884615384615 0.23798076923076922 0.25 0.15264423076923078
9 0.14182692307692307 0.5480769230769231 0.2704326923076923 0.20793269230769232
9 0.15384615384615385 0.6069711538461539 0.2932692307692308 0.1201923076923077
9 0.39302884615384615 0.5276442307692307 0.3004807692307692 0.19471153846153846
9 0.2283653846153846 0.7524038461538461 0.296875 0.23557692307692307
9 0.5 0.7247596153846154 0.27283653846153844 0.2548076923076923
9 0.6081730769230769 0.9146634615384616 0.2764423076923077 0.15264423076923078
9 0.6153846153846154 0.7644230769230769 0.3233173076923077 0.203125
9 0.7620192307692307 0.7872596153846154 0.26322115384615385 0.12980769230769232
9 0.7319711538461539 0.3605769230769231 0.28365384615384615 0.25
9 0.703125 0.18028846153846154 0.39302884615384615 0.203125