9 0.1935096153846154 0.18028846153846154 0.0829326923076923 0.07572115384615384
9 0.09615384615384616 0.3449519230769231 0.0625 0.13822115384615385
9 0.16947115384615385 0.2247596153846154 0.08052884615384616 0.10216346153846154
9 0.24639423076923078 0.3293269230769231 0.09735576923076923 0.10697115384615384
9 0.3557692307692308 0.2283653846153846 0.09735576923076923 0.09375
9 0.4675480769230769 0.14903846153846154 0.1502403846153846 0.10216346153846154
9 0.6262019230769231 0.06610576923076923 0.13221153846153846 0.0889423076923077
9 0.036057692307692304 0.41586538461538464 0.052884615384615384 0.09375
9 0.7175480769230769 0.17067307692307693 0.11538461538461539 0.10216346153846154
9 0.46875 0.3894230769230769 0.12740384615384615 0.09375
9 0.5757211538461539 0.3485576923076923 0.13701923076923078 0.13822115384615385
9 0.36899038461538464 0.46634615384615385 0.11778846153846154 0.14182692307692307
9 0.21153846153846154 0.5360576923076923 0.10697115384615384 0.12860576923076922
9 0.2439903846153846 0.6574519230769231 0.10697115384615384 0.15144230769230768
9 0.49399038461538464 0.7067307692307693 0.09735576923076923 0.10697115384615384
9 0.6225961538461539 0.53125 0.1502403846153846 0.13822115384615385
9 0.6899038461538461 0.8004807692307693 0.11057692307692307 0.09735576923076923
9 0.7848557692307693 0.3245192307692308 0.1346153846153846 0.09735576923076923