17 0.21875 0.19110576923076922 0.26802884615384615 0.2692307692307692
17 0.0985576923076923 0.40024038461538464 0.1971153846153846 0.2127403846153846
17 0.23557692307692307 0.4375 0.2608173076923077 0.13701923076923078
17 0.5264423076923077 0.2848557692307692 0.22235576923076922 0.16826923076923078
17 0.8004807692307693 0.21514423076923078 0.23557692307692307 0.2692307692307692
17 0.6634615384615384 0.3713942307692308 0.1935096153846154 0.1935096153846154
17 0.9290865384615384 0.3942307692307692 0.13341346153846154 0.19951923076923078
17 0.2620192307692308 0.6971153846153846 0.22235576923076922 0.1814903846153846
17 0.4170673076923077 0.6057692307692307 0.15865384615384615 0.1502403846153846
17 0.4543269230769231 0.4411057692307692 0.20432692307692307 0.20673076923076922
17 0.5084134615384616 0.8185096153846154 0.21514423076923078 0.17548076923076922
17 0.7163461538461539 0.78125 0.20072115384615385 0.2127403846153846