0 0.7932692307692307 0.22355769230769232 0.14783653846153846 0.09975961538461539
0 0.9447115384615384 0.171875 0.1045673076923077 0.07692307692307693
0 0.9639423076923077 0.31009615384615385 0.0673076923076923 0.08653846153846154
0 0.8701923076923077 0.35697115384615385 0.14543269230769232 0.09375
0 0.9555288461538461 0.4483173076923077 0.08533653846153846 0.11057692307692307
0 0.8713942307692307 0.546875 0.19230769230769232 0.1201923076923077
0 0.7560096153846154 0.5096153846153846 0.12740384615384615 0.09975961538461539
0 0.9399038461538461 0.6370192307692307 0.11057692307692307 0.09375
0 0.9206730769230769 0.7572115384615384 0.15264423076923078 0.10697115384615384
0 0.7980769230769231 0.8461538461538461 0.1346153846153846 0.08653846153846154
0 0.7932692307692307 0.7596153846153846 0.14783653846153846 0.09375
0 0.6418269230769231 0.7415865384615384 0.1778846153846154 0.11057692307692307
0 0.5817307692307693 0.8305288461538461 0.15745192307692307 0.09375
0 0.4230769230769231 0.7788461538461539 0.19951923076923078 0.13701923076923078
0 0.5228365384615384 0.6370192307692307 0.18028846153846154 0.10697115384615384
0 0.6394230769230769 0.5528846153846154 0.13942307692307693 0.09375
0 0.5769230769230769 0.453125 0.15985576923076922 0.09375
0 0.6538461538461539 0.36778846153846156 0.18269230769230768 0.11057692307692307
0 0.3485576923076923 0.41466346153846156 0.20192307692307693 0.09615384615384616
0 0.18629807692307693 0.4411057692307692 0.18269230769230768 0.11658653846153846
0 0.13221153846153846 0.6754807692307693 0.15985576923076922 0.09615384615384616
0 0.28725961538461536 0.6682692307692307 0.18509615384615385 0.11658653846153846
0 0.18269230769230768 0.16826923076923078 0.1502403846153846 0.09014423076923077
0 0.2692307692307692 0.24639423076923078 0.17307692307692307 0.10697115384615384
0 0.4026442307692308 0.15865384615384615 0.14543269230769232 0.0829326923076923
0 0.7608173076923077 0.11658653846153846 0.10216346153846154 0.0733173076923077
0 0.6682692307692307 0.203125 0.10216346153846154 0.08052884615384616
0 0.5300480769230769 0.31850961538461536 0.11538461538461539 0.09014423076923077
0 0.5048076923076923 0.23677884615384615 0.11057692307692307 0.0733173076923077
0 0.16706730769230768 0.06971153846153846 0.09014423076923077 0.06009615384615385
0 0.17067307692307693 0.34375 0.1622596153846154 0.09975961538461539
0 0.42427884615384615 0.5252403846153846 0.17307692307692307 0.10336538461538461
0 0.06129807692307692 0.421875 0.11298076923076923 0.0829326923076923
0 0.38221153846153844 0.06370192307692307 0.09014423076923077 0.06610576923076923