20 0.4735576923076923 0.15625 0.18509615384615385 0.08774038461538461
20 0.21514423076923078 0.23076923076923078 0.15625 0.10216346153846154
20 0.7980769230769231 0.11177884615384616 0.19471153846153846 0.09975961538461539
20 0.5685096153846154 0.23677884615384615 0.1971153846153846 0.08653846153846154
20 0.3641826923076923 0.25 0.19471153846153846 0.08774038461538461
20 0.06129807692307692 0.3605769230769231 0.08653846153846154 0.06850961538461539
20 0.6033653846153846 0.1310096153846154 0.140625 0.06971153846153846
20 0.5721153846153846 0.07211538461538461 0.203125 0.08052884615384616
20 0.7055288461538461 0.23557692307692307 0.29086538461538464 0.10576923076923077
20 0.3786057692307692 0.30649038461538464 0.17668269230769232 0.06610576923076923
20 0.23677884615384615 0.3641826923076923 0.17307692307692307 0.09254807692307693
20 0.5853365384615384 0.36658653846153844 0.2608173076923077 0.13942307692307693
20 0.1971153846153846 0.5324519230769231 0.17307692307692307 0.0625
20 0.5552884615384616 0.5072115384615384 0.30288461538461536 0.09375
20 0.7199519230769231 0.3954326923076923 0.2848557692307692 0.08413461538461539
20 0.84375 0.3016826923076923 0.2512019230769231 0.08052884615384616
20 0.8004807692307693 0.5336538461538461 0.31490384615384615 0.12740384615384615
20 0.43149038461538464 0.6225961538461539 0.2932692307692308 0.11177884615384616
20 0.33774038461538464 0.7043269230769231 0.3112980769230769 0.08774038461538461
20 0.6730769230769231 0.6201923076923077 0.30528846153846156 0.08774038461538461
20 0.8052884615384616 0.6947115384615384 0.29927884615384615 0.11057692307692307