0 0.5793269230769231 0.47836538461538464 0.1622596153846154 0.17307692307692307
0 0.8509615384615384 0.11778846153846154 0.09254807692307693 0.09375
0 0.16105769230769232 0.13822115384615385 0.0673076923076923 0.07091346153846154
0 0.2980769230769231 0.15985576923076922 0.09495192307692307 0.09735576923076923
0 0.051682692307692304 0.2668269230769231 0.10216346153846154 0.125
0 0.15745192307692307 0.49158653846153844 0.14543269230769232 0.2091346153846154
0 0.2536057692307692 0.9110576923076923 0.17307692307692307 0.16947115384615385
0 0.5252403846153846 0.6935096153846154 0.11057692307692307 0.13341346153846154
0 0.6995192307692307 0.7151442307692307 0.15985576923076922 0.16947115384615385
0 0.8882211538461539 0.7644230769230769 0.13221153846153846 0.10697115384615384
0 0.71875 0.4375 0.0673076923076923 0.11057692307692307
0 0.4579326923076923 0.46875 0.1045673076923077 0.1201923076923077
0 0.27403846153846156 0.2932692307692308 0.07211538461538461 0.09735576923076923
0 0.35216346153846156 0.24639423076923078 0.1045673076923077 0.09375
0 0.6586538461538461 0.2439903846153846 0.14302884615384615 0.125
0 0.7848557692307693 0.8197115384615384 0.055288461538461536 0.15504807692307693
0 0.4230769230769231 0.2536057692307692 0.04447115384615385 0.10697115384615384
0 0.4855769230769231 0.15384615384615385 0.07451923076923077 0.12860576923076922
0 0.15384615384615385 0.051682692307692304 0.11778846153846154 0.09375
0 0.7415865384615384 0.36177884615384615 0.07211538461538461 0.06610576923076923
0 0.9050480769230769 0.30649038461538464 0.05048076923076923 0.11538461538461539
0 0.6538461538461539 0.028846153846153848 0.08774038461538461 0.057692307692307696
0 0.8725961538461539 0.8846153846153846 0 0