24 0.12259615384615384 0.7271634615384616 0.21033653846153846 0.1310096153846154
24 0.14423076923076922 0.46153846153846156 0.20793269230769232 0.10216346153846154
24 0.19471153846153846 0.5552884615384616 0.21995192307692307 0.09254807692307693
24 0.2776442307692308 0.6514423076923077 0.2403846153846154 0.12379807692307693
24 0.35216346153846156 0.8377403846153846 0.21514423076923078 0.09495192307692307
24 0.5372596153846154 0.765625 0.15985576923076922 0.12379807692307693
24 0.4326923076923077 0.33774038461538464 0.21995192307692307 0.1141826923076923
24 0.5588942307692307 0.25600961538461536 0.20192307692307693 0.1045673076923077
24 0.4495192307692308 0.4411057692307692 0.18509615384615385 0.11778846153846154
24 0.6274038461538461 0.5204326923076923 0.21514423076923078 0.1045673076923077
24 0.7079326923076923 0.6069711538461539 0.21514423076923078 0.11177884615384616
24 0.6826923076923077 0.38822115384615385 0.18028846153846154 0.10817307692307693
24 0.7475961538461539 0.7788461538461539 0.18028846153846154 0.11177884615384616
24 0.8569711538461539 0.7451923076923077 0.16947115384615385 0.12139423076923077
24 0.8858173076923077 0.16826923076923078 0.20192307692307693 0.09495192307692307
24 0.8052884615384616 0.4651442307692308 0.18990384615384615 0.12139423076923077
24 0.9266826923076923 0.5600961538461539 0.14302884615384615 0.09495192307692307