0 0.7271634615384616 0.26802884615384615 0.08052884615384616 0.13581730769230768
0 0.7680288461538461 0.3581730769230769 0.09975961538461539 0.17427884615384615
0 0.7043269230769231 0.5865384615384616 0.10697115384615384 0.14182692307692307
0 0.7163461538461539 0.90625 0.09254807692307693 0.14783653846153846
0 0.49278846153846156 0.8966346153846154 0.07451923076923077 0.14182692307692307
0 0.5661057692307693 0.5901442307692307 0.09254807692307693 0.17427884615384615
0 0.6141826923076923 0.25841346153846156 0.07692307692307693 0.12860576923076922
0 0.6694711538461539 0.35216346153846156 0.06971153846153846 0.12259615384615384
0 0.24278846153846154 0.7800480769230769 0.09014423076923077 0.11658653846153846
0 0.2824519230769231 0.484375 0.08533653846153846 0.12860576923076922
0 0.32211538461538464 0.59375 0.08052884615384616 0.14182692307692307
0 0.39302884615384615 0.48677884615384615 0.08052884615384616 0.109375
0 0.43149038461538464 0.6550480769230769 0.09735576923076923 0.12259615384615384
0 0.3786057692307692 0.8581730769230769 0.0829326923076923 0.12860576923076922