8 0.23918269230769232 0.25 0.1658653846153846 0.11778846153846154
8 0.6370192307692307 0.18629807692307693 0.22716346153846154 0.12379807692307693
8 0.6310096153846154 0.43028846153846156 0.16947115384615385 0.10336538461538461
8 0.1466346153846154 0.7307692307692307 0.17908653846153846 0.1875
8 0.5745192307692307 0.8197115384615384 0.002403846153846154 0.003605769230769231
8 0.0625 0.46033653846153844 0.11658653846153846 0.16947115384615385
8 0.45552884615384615 0.20793269230769232 0.08774038461538461 0.2512019230769231
8 0.7043269230769231 0.8197115384615384 0.21153846153846154 0.12980769230769232
8 0.3629807692307692 0.4206730769230769 0.15384615384615385 0.13341346153846154
8 0.8701923076923077 0.4375 0.12139423076923077 0.10576923076923077
8 0.9110576923076923 0.6935096153846154 0.0985576923076923 0.2548076923076923
8 0.42427884615384615 0.6766826923076923 0.06490384615384616 0.18509615384615385
8 0.4579326923076923 0.7716346153846154 0.002403846153846154 0.003605769230769231